1 31
2 91
3 99
4 96
5 18
6 44
7 55
8 69
9 54
10 88
11 45
12 44
13 56
14 41
15 9
16 30
17 34
18 67
19 32
20 0
21 43
22 26
23 84
24 69
25 86
26 19
27 73
28 0
29 9
30 7
31 80
32 82
33 5
34 1
35 59
36 9
37 17
38 93
39 20
40 7
41 17
42 35
43 0
44 70
45 22
46 73
47 60
48 56
49 59
50 21
51 62
52 45
53 99
54 91
55 82
56 8
57 46
58 23
59 59
60 51
61 77
62 84
63 14
64 3
65 47
66 84
67 74
68 71
69 74
70 12
71 67
72 81
73 91
74 4
75 6
76 39
77 82
78 49
79 85
80 17
81 26
82 75
83 12
84 1
85 73
86 17
87 99
88 95
89 83
90 63
91 98
92 98
93 38
94 31
95 60
96 44
97 59
98 85
99 32
100 98
